4294967279,209
4294967278,207
4294967279,208
4294967278,206
4294967294,1014
4294967278,205
4294967279,206
4294967278,359
4294967279,398
4294967278,360
4294967279,431
4294967278,358
4294967279,430
4294967278,200
4294967279,201
4294967294,187
4294967278,199
4294967279,200
4294967278,198
4294967279,199
4294967278,196
4294967279,195
64,5
64,4
4294967279,196
64,3
64,2
64,1
4294967279,427
4294967278,191
4294967279,191
62,4
4294967278,189
62,3
62,2
62,1
4294967278,320
4294967279,190
4294967294,1013
4294967278,188
4294967279,390
4294967279,451
4294967279,187
4294967279,389
4294967278,318
4294967278,385
4294967278,0
4294967294,1020
4294967294,974
4294967294,1029
4294967294,979
4294967294,966
4294967294,161
4294967278,183
4294967279,426
4294967278,182
4294967278,181
4294967279,182
0,5
4294967278,180
4294967279,181
4294967278,316
4294967279,180
4294967278,178
4294967294,6
4294967279,422
4294967294,5
4294967293,131
4294967293,130
4294967293,129
4294967293,128
4294967293,127
4294967293,126
4294967293,125
4294967293,124
4294967293,123
4294967293,122
4294967293,121
4294967293,120
4294967293,119
4294967293,118
4294967293,117
4294967293,116
4294967293,115
4294967293,114
4294967293,113
4294967293,112
4294967293,111
4294967293,110
4294967293,109
4294967293,108
4294967293,107
4294967293,106
4294967293,105
4294967293,104
4294967293,103
4294967293,102
4294967293,101
4294967293,100
4294967293,99
4294967293,98
4294967293,97
4294967293,96
4294967293,95
4294967293,94
4294967293,93
4294967293,92
4294967293,91
4294967293,90
4294967293,89
4294967293,87
4294967293,86
4294967293,85
4294967293,84
4294967293,83
4294967293,82
4294967293,81
4294967293,80
4294967293,79
4294967293,78
4294967293,77
4294967293,76
4294967293,75
4294967293,74
4294967293,73
4294967293,72
4294967293,71
4294967293,70
4294967293,69
4294967293,68
4294967293,67
4294967293,66
4294967293,65
4294967293,64
4294967293,63
4294967293,62
4294967293,61
4294967293,60
4294967293,59
4294967293,58
4294967293,57
4294967293,56
4294967293,55
4294967293,54
4294967293,53
4294967293,52
4294967293,51
4294967293,50
4294967293,49
4294967293,48
4294967293,47
4294967293,46
4294967293,45
4294967293,44
4294967293,43
4294967293,42
4294967293,41
4294967293,40
4294967293,39
4294967293,38
4294967293,37
4294967293,36
4294967293,35
4294967293,34
4294967293,33
4294967293,32
4294967293,31
4294967293,30
4294967293,29
4294967293,28
4294967293,27
4294967293,26
4294967293,25
4294967293,24
4294967293,23
4294967293,22
4294967293,21
4294967293,20
4294967293,19
4294967293,18
4294967293,17
4294967293,16
4294967293,15
4294967293,14
4294967293,13
4294967293,12
4294967293,11
4294967293,10
4294967293,9
4294967293,8
4294967293,7
4294967293,6
4294967293,5
4294967293,4
4294967293,3
4294967278,174
4294967278,260
4294967279,66
4294967279,65
4294967279,64
4294967279,61
4294967279,59
4294967279,57
4294967279,56
4294967279,55
4294967279,54
4294967279,53
4294967279,52
4294967279,51
4294967279,50
4294967279,42
4294967279,41
4294967279,40
4294967279,39
4294967278,315
4294967279,63
4294967279,62
4294967279,175
4294967279,60
4294967279,173
4294967279,172
4294967279,58
4294967279,170
4294967278,166
61,5
4294967279,169
61,4
4294967278,167
61,3
61,2
61,1
4294967278,350
4294967279,165
4294967279,49
4294967279,164
4294967278,162
59,4
4294967279,163
59,3
59,2
59,1
4294967279,319
4294967278,161
4294967279,162
4294967278,309
4294967279,48
4294967279,306
4294967278,384
4294967278,346
4294967278,308
4294967279,47
4294967279,318
4294967279,450
4294967279,46
4294967279,44
4294967279,156
4294967279,45
4294967278,296
4294967279,43
4294967278,154
4294967279,154
4294967278,153
4294967279,153
4294967279,152
4294967278,151
4294967279,418
4294967278,347
4294967278,348
4294967279,302
4294967278,345
4294967279,147
4294967278,146
4294967279,146
4294967278,145
4294967279,145
4294967279,143
4294967278,140
4294967278,142
58,5
58,4
4294967278,141
58,2
58,1
4294967279,141
4294967278,137
4294967278,277
4294967278,136
56,4
4294967279,295
56,3
56,2
56,1
4294967279,275
4294967278,135
4294967279,135
4294967278,286
4294967294,396
4294967294,397
4294967294,421
4294967294,407
4294967294,179
4294967294,406
4294967294,420
4294967294,183
4294967294,167
4294967294,416
4294967294,164
4294967294,391
4294967294,119
4294967294,468
4294967278,278
4294967278,273
4294967278,274
4294967279,289
4294967279,274
4294967279,288
4294967279,271
4294967279,270
4294967278,6
4294967278,4
4294967279,132
4294967279,130
4294967279,120
4294967279,118
4294967279,117
4294967279,116
4294967279,115
4294967279,111
4294967279,109
4294967279,107
4294967279,106
4294967279,105
4294967279,104
4294967279,103
4294967279,102
4294967279,101
4294967279,100
4294967279,99
4294967279,98
4294967279,97
4294967279,96
4294967279,95
4294967279,94
4294967279,93
4294967279,92
4294967279,91
4294967279,90
4294967279,89
4294967279,87
4294967279,86
4294967279,85
4294967279,84
